100

2661 
2114 4883 
910 4729 2810 
4037 3385 1278 2503 
3567 2919 2698 2070 1079 
3371 2502 1668 1574 1944 4267 
2340 1444 1291 87 1431 1837 4548 
4156 3235 642 4000 2726 2493 4946 1636 
19 4368 3218 2680 2916 2789 3217 674 2965 
4108 838 3256 2249 2988 3259 4843 4560 188 939 
784 1570 3393 3414 2045 3394 867 101 3358 4442 3196 
1056 4656 3710 2874 1673 796 663 2558 874 4454 2323 3162 
1303 1511 3764 3148 2743 3072 125 4027 1052 4084 1434 1459 3864 
1717 1796 2572 3952 2676 4393 3854 21 3282 258 2685 1225 2621 545 
1424 4794 3823 4495 1906 3660 491 3935 1678 906 396 1130 1164 2622 4183 
1599 615 3244 3299 2696 2232 268 4642 406 4859 4932 3740 3120 1953 4439 2275 
3090 2584 2246 2093 379 4875 2332 160 4153 837 4330 4089 544 794 2524 460 4042 
385 4075 1937 4897 3645 3199 971 2854 1667 4942 3181 1498 1018 169 3585 2473 1436 740 
4421 4775 3465 2582 2136 4261 357 2146 3411 4258 3995 3478 1411 819 1531 3439 1791 4031 3793 
4469 4629 456 1970 610 2607 4714 4531 3059 3587 831 4013 2939 2773 1850 4947 4053 756 1740 3820 
4082 1111 3030 1731 410 776 4179 2462 282 3662 4718 932 1257 4497 362 4556 2472 3532 1914 990 4598 
1027 4596 4228 3835 1230 2026 3422 601 2785 2369 4050 720 2681 4691 2859 4004 749 574 1442 4610 582 275 
3480 2384 3652 739 4239 3204 4917 28 2090 477 1106 4498 2911 1249 4653 1048 2281 1273 3788 570 3629 2377 4170 
687 4683 1711 2018 1369 4570 4650 2446 4915 2422 4026 1746 1320 1752 4848 1848 4213 2962 4820 4748 380 3777 3509 1283 
4619 3135 681 2932 3550 3403 4168 947 3141 2041 1399 814 835 3738 899 1966 3647 208 1401 2886 573 4049 3735 241 3933 
2518 2208 140 464 2667 1122 1514 1239 360 4762 2343 682 1373 2904 3596 2011 128 2014 2149 4519 501 1279 4087 4009 1903 3895 
3056 2639 605 2105 4593 2203 778 1861 3404 3711 3760 4527 2709 1710 1086 1233 4446 1628 613 4194 629 4289 3357 2610 4829 4241 4151 
1929 4812 653 1445 4196 392 2118 904 1181 1135 1185 4299 1549 3176 1539 4696 353 3139 1031 400 2931 4069 3398 4092 974 2427 4587 834 
4197 4445 3743 3356 3682 2699 645 4866 2809 2784 2838 2996 2835 4941 1352 4225 294 143 3903 2729 1139 1021 1391 2745 210 3655 3085 2019 693 
1318 3082 30 3230 2132 1849 446 4391 2255 3253 1094 1933 3601 4544 2227 4176 276 2450 1437 253 4474 1068 3019 3246 1447 827 3236 283 3785 2096 
4055 3296 289 2480 4384 1828 696 3198 4538 3192 436 4582 3626 4688 2981 2950 3265 1402 3239 4490 340 4215 3444 2569 3572 1879 903 2392 3656 2675 157 
4501 4855 3974 3729 4731 1474 984 2662 4407 1017 673 607 4564 1526 826 4245 4840 394 4065 4882 120 908 4634 372 1634 4803 3046 648 4420 2594 1709 2537 
1550 3728 3868 919 310 3484 4157 1829 703 4410 4934 2522 2822 3989 734 4914 4188 3789 1718 997 2470 480 3295 3870 1836 4280 154 495 3099 2521 4618 2107 1381 
1578 2897 4021 4352 2488 1721 1426 4568 331 337 1952 4303 2471 2689 3359 608 1168 238 924 3163 2418 3721 2560 3947 1961 3420 2634 4647 1345 2920 4341 1049 1815 3986 
843 1845 2602 2430 96 529 4590 3557 2368 3413 2860 1060 3301 1476 3584 4896 411 4468 2498 4522 4869 509 705 4592 4335 747 4200 3968 2062 3405 2671 369 1353 1579 1720 
631 2768 1147 1924 3283 2804 1141 537 40 3692 2640 4586 3553 1562 862 3727 722 3637 581 3336 3956 2464 3813 1169 1708 2300 2489 3569 4085 3766 782 2827 3822 2033 4857 4777 
1603 3806 4480 3625 2909 3860 3234 611 1493 4532 1271 1274 3506 759 1033 3254 4336 1363 2997 3203 4509 3658 3093 4460 649 4529 1800 584 2832 4191 3328 1191 1481 3494 870 4690 3213 
452 2374 4772 875 3955 1686 1186 4499 2643 2930 3653 303 621 4365 4390 1491 2536 3787 2292 1485 1564 3904 3048 264 4830 2960 4029 3891 3076 3773 3166 2694 295 3796 2113 3963 2214 2507 
531 4645 3802 712 2244 4481 4887 3388 2221 553 2151 179 1821 1064 34 20 2490 280 4359 3911 1452 3548 1143 4530 2944 4161 4033 569 1912 4181 4010 1065 1404 3680 3627 2187 4059 3927 2739 
2320 2937 2316 466 1078 1361 4484 2861 4604 3364 3443 1417 1525 1657 25 2069 2800 3957 4080 4525 2061 1304 1774 3515 2642 654 4373 4903 4409 2022 399 1573 4654 113 3883 1228 3501 3940 1981 246 
3975 62 1010 171 2237 768 441 4271 1745 1174 2544 3335 1947 2272 3844 1310 2942 2435 3 4549 3594 2925 1658 1113 4231 1193 3570 3924 3961 4266 4154 3784 98 299 3366 1020 15 3241 4648 4432 1523 
2396 97 1008 3421 1880 4338 93 2826 3462 4164 141 2028 1917 164 1099 4695 4709 1195 3164 476 3768 3540 3445 245 1976 344 1677 2408 3798 229 3194 1389 4699 2657 3534 3281 224 377 3020 1334 1205 1252 
2754 1204 1625 3693 851 4573 1726 744 364 4256 3906 2568 3497 1069 163 973 2305 2758 4534 1974 425 472 564 3858 3943 575 980 1026 4900 4416 1563 3159 1790 1245 2263 1773 4340 1835 2777 4940 2449 4776 4675 
4637 4555 2201 2335 4614 3582 4780 3064 3331 927 1471 2991 3946 3991 815 1926 885 4503 3222 1960 3925 1046 4908 4526 987 4032 3996 2884 2823 2910 347 854 2157 4385 4651 2104 1160 1217 3718 1127 1792 4125 3922 2855 
4129 758 4363 3638 3745 3430 4444 2975 4736 1881 1073 4937 2301 1443 3407 1606 563 742 147 4315 339 2719 751 1643 3216 281 4096 2400 1466 878 3314 3260 4860 2767 4281 2317 117 2946 847 2166 3619 4574 1827 1395 4606 
279 250 2635 3487 50 3932 2159 1188 4255 4102 3650 3031 3172 2000 3018 166 4537 4449 3368 4399 205 4073 422 4212 2144 1548 2103 1012 3175 1089 685 4066 3614 4579 2900 1946 3765 3169 3202 2463 849 3972 3449 3237 3708 3209 
4909 2161 192 2353 514 1258 1359 4884 3776 3558 3686 4152 2048 3862 926 2652 3856 1364 1652 4518 1464 2303 4063 3313 2168 3057 4237 3496 4350 4712 165 4721 4505 643 3316 4898 4316 4242 706 1190 183 3054 1224 52 2875 2123 114 
2969 2191 3579 2692 4025 3866 4024 3061 536 1853 433 4464 3074 4378 2474 3463 3374 1649 88 4326 978 4693 746 2632 3376 3092 1221 2980 4043 669 2921 3190 3648 3926 3329 244 1157 2326 586 4678 771 4273 4512 1865 3324 4347 468 3436 
3481 3559 4300 2284 543 596 1354 2878 532 2677 2024 4813 2239 1231 3419 4926 587 334 2840 4680 4705 459 3317 176 1251 2466 4332 2540 718 3916 2448 1840 639 3772 808 4872 2792 3672 1545 4788 765 4767 2139 2197 3591 923 1725 4244 4208 
4733 865 53 4881 829 3997 3347 1813 4918 1265 3193 4379 211 938 3690 206 4459 407 2194 1898 2553 830 4750 4821 66 4221 3609 914 2687 2089 342 3195 4466 4810 3229 4136 4331 2517 2060 4404 3867 2387 4673 4755 56 3330 888 286 1374 235 
1207 3838 3592 731 955 1517 3875 359 3014 965 3469 1993 247 2059 3706 4608 2219 4041 2798 3953 2068 4766 2445 2356 215 3741 3130 752 1163 3610 1250 2883 3753 365 1380 2434 1488 4746 4434 2248 1600 133 4098 4533 2762 4905 3583 1553 1820 1340 934 
1878 2129 2088 1114 4472 43 4270 1938 846 3518 2816 2278 1679 1095 4595 1540 1870 2660 828 3013 1825 195 4513 3928 4584 697 624 4083 2501 4130 1425 1963 4260 3325 3173 1648 3379 127 4856 3151 4099 3814 1809 2806 2546 2778 1781 3749 3116 2651 661 524 
801 804 455 3750 1463 2044 3154 534 1682 4060 1501 1180 2342 1355 957 4661 4406 3918 2843 1656 2302 4911 4387 2918 304 2251 869 539 3472 2020 2416 405 2173 4558 64 4479 2211 3649 4773 527 698 2304 1642 2245 4630 4646 4224 2347 354 1765 2477 3863 1370 
3885 1505 3871 1260 1973 4141 4633 4687 1510 2880 4895 2935 894 4493 4078 278 3033 3051 3339 1281 930 1253 3992 2769 2276 2870 1629 270 4235 4658 1561 2469 4716 4740 3108 252 4327 1799 197 1182 327 1286 4870 2341 2695 319 4713 1759 2039 3842 1771 4707 320 1045 
3290 312 609 3263 1666 2856 3507 4147 4520 3285 49 496 3077 1137 964 3095 3441 619 1608 63 4759 1344 1337 3919 89 3566 2583 4234 3795 1653 3603 3464 3303 4835 3277 3091 506 1229 2495 4494 1081 92 4074 2830 1890 4070 614 1948 251 4948 1155 181 3007 3843 4081 
4345 3360 2250 1775 2618 2863 2210 2385 3519 4832 2684 2872 1259 4475 2705 542 3640 717 153 2885 2790 3804 4431 1107 2148 3249 4723 386 3546 1884 3568 1565 3654 3818 1763 3639 2952 1429 78 2205 2616 4852 3412 972 3966 1996 850 1954 3581 989 1998 2755 1943 1767 3857 2134 
3170 665 2972 3531 1664 315 2734 644 2644 832 3552 798 500 469 4217 1246 1406 1323 341 349 1503 3227 1805 3380 1801 378 2043 3979 2581 1295 36 4636 4417 1222 3055 1748 3211 2079 516 1935 1742 2505 1309 2732 1084 1689 1675 1004 2562 2941 757 1446 1339 2638 2801 4321 578 
1507 4232 538 3732 4510 2589 265 95 2180 1496 1032 4536 1298 1688 3730 2620 1211 3779 2241 2112 4203 4038 2924 2938 2145 2648 4405 3191 1555 4679 1852 3103 3934 637 2889 3641 3837 1585 1129 4036 1816 3853 2013 1786 1694 4877 3807 473 443 438 4849 600 2529 2961 3288 816 2269 3544 
2567 18 1154 118 2459 1269 2078 4079 2508 77 2549 2417 130 1125 3415 4333 803 1968 2710 1661 4138 2953 2959 1663 2256 3365 1325 1641 1701 1699 2432 1290 1000 979 4692 3683 2779 3269 102 226 1584 839 17 4309 4061 2231 1528 2929 3273 2888 1724 2713 434 4684 2454 4127 1177 3219 1931 
4944 22 4324 4111 1302 1901 356 2030 3102 4414 2063 1698 162 805 4185 3897 4343 4800 3058 4376 2865 2314 809 2262 3681 345 207 3302 535 308 2094 59 316 1152 2409 4361 4825 3252 4838 1183 4357 4551 487 1826 3174 1955 2623 572 285 3676 4322 2712 2419 4283 1719 2031 1480 4113 4045 4023 
4674 1882 3298 4044 4226 2235 3156 4836 1461 4774 4344 3889 4386 1780 733 370 2240 4575 1660 2348 3483 4046 4371 3079 3861 2258 2456 656 833 3503 1001 3608 2120 1551 966 3896 85 2192 4095 753 4296 845 1819 2574 4837 3894 239 2653 4298 1804 2147 4412 240 382 2666 2162 3045 1202 3440 3458 4146 
3510 2538 1199 3084 998 4822 5 4667 4809 1006 4923 969 3893 1110 1100 4890 1575 3342 4710 2948 2761 471 1360 3417 590 1420 1312 4539 4285 2287 2319 728 1275 2098 3118 4489 598 1524 4364 2497 1357 3309 152 190 458 4477 3900 3447 4562 3736 3794 3907 4599 3071 1244 2309 770 221 4739 2200 4094 3661 
1982 3809 901 702 2579 4523 2668 1977 1703 3780 1928 1576 568 1515 1255 3113 1040 2005 632 650 763 3372 2825 402 4516 3790 3987 3311 1817 3485 3734 3504 1263 3255 3701 4476 1034 4334 4253 1362 3624 1594 2370 1729 4284 31 4006 1418 2793 4353 3821 1145 968 689 2858 4764 4639 4403 1569 3827 3980 4294 3109 
1280 925 2127 2986 2656 3632 3390 4743 4291 1372 348 3978 80 2354 1536 2383 3041 807 4230 2415 635 4016 1375 4071 4388 426 2867 3549 2352 507 1659 3674 4652 2665 585 263 4199 1504 3201 4804 109 3065 1117 1885 4576 2358 3825 236 790 3134 1681 2847 4708 2674 3115 3597 2021 3921 1349 2150 1487 668 2520 4122 
1268 3555 445 1451 1986 1030 1527 2229 330 1379 1621 2259 4227 554 1702 3615 3143 2291 2399 4730 313 1927 2271 812 4689 3541 146 269 1076 2954 1846 4441 2111 2299 4323 571 541 161 2247 4885 4621 3459 158 1723 896 1941 3208 4254 305 2003 4628 3225 2293 3664 3704 1038 2453 234 4871 4396 4719 3981 2165 1196 1706 
2971 1414 1082 1764 2209 4165 3312 4874 4828 219 2198 617 1712 1824 2554 486 3097 1007 1971 786 3307 1530 2839 2049 3012 4502 4685 3167 3401 3937 4104 1841 4913 2682 913 3722 4429 1328 2336 4398 3500 490 3304 4770 3576 2186 1267 652 4732 2887 475 2117 2647 1737 4374 1596 2412 420 3456 1789 715 326 1627 2857 3083 1101 
1138 1332 1156 3185 3121 1598 1747 3284 3659 2702 4246 3600 3009 4845 3333 2182 3634 3819 2811 4623 4779 3912 1762 4465 4040 3137 1351 4278 3340 4020 4457 3000 4380 4798 2727 2659 3931 3258 4891 2600 4381 4263 1672 395 4312 4435 4275 4722 523 3402 191 3767 3917 3343 2542 4252 1044 1441 4893 2339 533 692 1080 4515 2828 329 4366 
513 2072 3887 1557 2774 2894 1002 1121 99 3554 1415 2086 1400 2169 4928 667 1700 4945 3816 2491 4933 3770 2824 2124 2977 440 1242 2609 1478 57 1631 4100 3712 1757 156 4850 4259 3223 3131 1058 4008 2605 2282 3327 260 4408 4717 1542 2814 129 4649 3901 4491 2037 351 1920 4703 1978 2027 1311 182 4320 4105 1611 873 1276 1148 2108 
1116 1159 2164 1915 366 4927 2075 3810 2402 3377 4761 2771 4017 3689 2797 2736 2551 800 4507 1346 3243 2234 1864 4428 2833 1479 1167 1393 3910 4034 2295 4802 1041 2844 1795 1421 2513 1327 352 2217 4666 3125 4118 203 4603 4123 2357 634 274 1945 2947 1987 2669 328 1489 2178 1566 510 4362 859 4367 940 3228 4287 4204 3516 3529 3240 2591 
3724 745 1705 4482 2238 2613 842 1965 493 1179 2645 448 4247 2451 228 4768 376 2936 135 3628 237 2230 1118 201 3755 3183 4091 214 2055 640 1803 3005 3149 4202 3160 2837 4671 1644 2896 1665 4051 1856 2708 391 4233 4686 3391 1132 949 1171 4635 1284 4485 2131 560 3881 2363 3611 2266 1109 1144 1655 4854 1170 187 4841 1671 2035 937 2143 
3850 298 432 225 3834 3971 2475 2701 3297 755 1329 2772 3830 4758 4090 75 1639 641 4668 1264 2425 3128 2782 3224 4698 4011 3310 2481 301 1535 853 2805 1343 2170 2274 1262 4134 4229 4 3969 2099 3457 1647 1226 4670 855 3617 4210 576 1490 967 259 699 2380 2288 1208 292 1146 137 1158 1692 802 2119 1640 3983 732 172 4401 1470 3803 2864 
4904 4521 2994 3114 3723 1430 2532 3564 2390 4001 3759 3902 4109 4672 555 1905 2183 2428 4426 123 1206 3696 2076 3845 4550 4811 3016 1622 3948 4314 2492 4430 1883 616 1494 3951 374 2637 4219 79 2273 4356 4274 1956 780 1949 3976 1662 840 196 3489 4771 4187 2803 3942 3280 3305 2452 2664 3293 418 1832 1482 2181 817 4535 3832 2032 2091 3520 3081 373 
2285 3289 2673 1581 2265 4112 3027 2277 3473 4124 1591 1366 2721 1358 1333 2903 442 4257 3028 2397 787 106 4395 1272 2457 2290 772 3878 519 991 2318 200 1036 67 4317 4790 678 1916 1384 4062 2596 4382 3929 4613 3562 1413 2283 1015 3644 3152 866 4765 2706 1467 882 821 1823 4577 424 3944 3205 2751 485 3386 890 3197 2008 4423 3633 2337 1871 4198 1582 
4148 4349 3824 3037 3651 2633 4288 1936 499 1604 3523 2722 526 1778 2612 3448 1087 3025 915 243 4571 3100 548 4121 2882 4676 4047 1910 686 1070 2321 4436 3851 781 1768 4578 4867 3383 889 4311 1989 3427 4720 2421 4834 950 1189 3949 1294 2308 4425 789 4831 856 1316 2196 1039 300 3930 1161 4035 4545 1201 2437 707 4015 4120 4888 51 623 1119 4295 2483 2095 
4662 3873 3758 3688 1365 2691 1396 107 428 824 4912 4799 4297 189 389 1315 2087 1899 1696 199 2516 3438 1595 3049 4782 2979 864 4865 3797 4211 1814 1194 4290 3004 970 1962 1889 1769 2307 4169 150 683 1985 956 4620 3959 413 2741 2829 288 1859 2167 680 3982 3731 3050 4150 3751 1112 1453 2905 3251 1645 1857 2156 566 4346 325 659 414 2917 4076 3882 2592 1532 
881 4669 2188 3840 332 3345 2749 1187 4039 2514 4919 83 1610 2066 4279 2160 992 2530 4557 138 952 761 4397 766 4370 3429 773 2494 1390 4251 3590 985 1502 3872 1869 122 2467 1942 3848 4552 4116 3479 1755 2423 4864 1534 2442 2841 2338 3616 671 390 4149 602 2563 4360 1637 3384 1734 4902 4088 4028 3673 2509 3361 2585 4487 3786 4879 1176 4304 1722 4769 2046 2496 1911 
1075 309 4591 986 2366 3960 3874 3022 2065 2752 1730 4007 2813 1213 1546 1120 4451 3096 3369 2566 2967 430 1042 1847 1423 951 1435 4415 4880 2715 3179 1891 403 3954 4851 3602 3355 3859 2012 2002 4585 4186 4478 4220 4655 4106 1468 618 2704 1907 1554 1305 2951 1059 3349 2714 4861 2590 3657 44 3808 3988 1392 1382 1287 1218 4567 272 3799 74 4793 4018 1830 4159 202 4072 3392 
2401 4002 3565 4583 4640 2102 383 27 709 2527 1979 213 2067 1964 3691 4597 3994 2724 4643 1134 498 1368 46 435 1074 4641 3607 657 444 1022 4846 1741 1572 2163 126 346 4419 3400 1609 2922 2963 4264 3292 858 959 2543 3538 2017 2213 517 3437 1227 2573 3395 2220 1178 2184 3189 1577 2294 2890 625 825 879 3062 2760 3713 1588 1347 3375 381 4003 504 2185 3623 2879 2289 233 
1450 977 4889 4500 4677 3920 3101 1632 484 1322 3526 1988 1104 3147 700 2333 4058 4892 2073 4935 976 4418 627 1256 4747 355 2330 2122 367 2207 727 1887 256 1483 1477 4014 4319 1173 4907 1462 4754 322 1090 1313 2655 333 672 1867 1219 4110 2580 2898 1785 3088 2877 897 2038 2742 4306 1529 3678 3346 2228 227 688 3841 4172 3410 2744 2506 2334 2 4218 3973 1833 1793 871 1238 3106 
3573 1969 2966 1336 1047 463 1818 4143 3588 595 1508 993 3212 2672 2195 4631 10 3344 2670 465 4443 4749 2849 3801 1308 2128 398 3350 2956 1615 38 2555 306 811 4483 4243 3308 2943 3214 603 3783 4763 1727 4663 4207 2257 1624 427 173 1685 4894 3938 2923 2815 2548 2606 3435 4580 431 437 1247 1559 1282 4265 1613 3575 4738 2110 2842 3188 2322 255 4694 287 2486 4726 2738 1538 3726 4920 
3023 626 3433 3264 144 4807 39 13 4012 1744 1533 65 4753 2429 1388 71 1783 1416 4682 892 4486 4337 3563 3512 3399 4833 177 429 4097 1602 2697 1812 704 115 1714 891 3434 3892 168 1025 1728 3177 725 2226 4815 3999 1695 1053 2597 4789 1248 3781 3668 511 361 1341 2484 1149 1133 4752 60 387 4615 1866 2403 936 184 1061 1670 4725 4858 655 4819 1439 3221 4160 3036 2770 1348 2359 4517 
2439 902 2866 3119 2100 4355 1754 4276 945 2995 1779 2420 2912 4566 3578 3762 4826 2730 4795 3687 1683 4135 48 388 4697 2927 3849 1707 4704 646 4528 4847 4506 4282 1200 2029 2054 3642 1432 2280 2601 3574 358 3521 2852 743 530 583 453 841 620 4706 4184 1067 861 3089 16 3508 1166 562 2914 4554 3675 3775 1005 2746 180 1772 3110 4438 3454 9 1014 1326 1975 2799 3158 1743 311 4930 3697 3178 
2561 2218 912 3847 2199 2023 4626 4700 4057 3002 2313 1011 3042 1999 2624 4553 4171 3941 868 1843 3612 2071 3278 1209 4056 2398 799 2394 4644 1633 1760 1215 3702 4657 8 149 1876 1753 3015 3381 764 318 3157 1684 2539 2893 1356 336 2440 1851 1051 561 3684 2174 2193 2310 4665 3884 131 2485 1888 194 775 3714 174 4511 4625 494 186 3493 2081 4437 3815 857 1484 2552 1997 2821 2819 1909 2753 1616 2711 
3543 3006 1301 489 32 3965 467 1874 1223 1518 497 4724 4103 895 4607 24 1583 3744 1385 1676 1758 29 7 3138 741 4581 2346 2140 1013 2720 4107 1128 3630 1808 2791 3348 2172 695 2812 2158 4786 1601 2526 3326 2958 4452 4924 478 3707 4563 3511 4611 3699 2311 3665 1428 4543 1623 1923 1892 404 670 3144 3622 922 3547 503 3826 2528 3153 1105 284 4756 3124 4375 628 4791 4622 2876 981 3043 4524 4950 4180 
1192 1958 3112 371 2189 108 3200 2641 1994 1457 2126 170 2519 3424 2902 1321 3094 3514 3354 1552 4862 2915 2786 4632 2723 2047 2331 4617 736 218 271 2957 2881 3184 2064 2533 2862 3432 3396 716 1124 4839 2109 2595 2468 1735 2796 3748 651 2152 2999 528 2756 2433 1085 3923 136 1646 1235 4540 2834 2252 1580 2016 2411 3431 3142 2748 2593 3123 2345 375 3643 2853 3908 2571 2500 2092 2478 290 70 3073 3635 505 4101 
3685 2106 1469 3323 3879 694 1350 4052 3066 1162 2350 4411 4925 547 3522 3466 3215 540 4195 679 3086 1409 2141 2802 4745 3279 961 2895 3060 1237 1512 3703 4145 3268 1894 3621 119 4760 1522 1433 4137 1872 2074 2795 2985 3078 2215 522 2389 90 1403 3467 257 3452 3536 3248 2679 3291 2559 612 2154 2630 931 47 2928 898 797 4310 3593 1787 2015 4293 4559 3232 2004 2783 54 1858 1739 2976 3017 3070 4325 823 4823 4114 
4827 818 1216 2077 1387 1486 4910 1386 909 3631 84 4470 2716 1766 2050 1614 2040 4308 1102 2541 1289 4167 730 3475 124 3613 1270 3719 948 791 738 1802 658 2990 3067 3294 3044 91 1972 1009 3618 3040 1198 1794 2179 713 2407 2989 995 4816 4301 4728 76 3492 1499 2690 1875 907 1232 100 2315 4318 4612 3733 1571 2212 3488 4174 3442 4175 2547 3792 175 2845 887 1472 684 905 754 2848 3782 2080 4402 2851 4358 4814 2599 
3761 4019 26 2115 633 4638 4751 451 1715 2236 4162 1319 2222 2413 1834 457 589 1918 4878 2223 3831 1342 4938 4609 1184 813 3008 42 3913 918 1547 1854 630 4922 1607 4600 2750 1088 1788 1967 3769 2344 599 2286 3063 2382 2355 1831 1029 3705 1306 3671 3811 785 3127 3270 4209 2846 2831 3537 559 2190 3320 1544 597 3321 3499 3646 4757 4369 2850 1650 2085 3165 209 3709 946 2718 996 1383 1037 3426 2296 2683 3855 4383 4433 4307 
3274 3670 262 3133 4166 2312 2978 2479 2557 132 4784 708 880 3210 2116 1844 58 2578 4781 3068 3001 2204 2279 14 249 4250 4339 604 4068 1925 2934 806 1277 1939 324 3337 3517 3450 35 4022 920 1620 350 3890 3495 982 3886 3677 2216 3542 4943 2636 2766 481 1236 4448 4471 3571 4132 1922 3561 2688 2747 2447 4805 994 4916 4223 3406 1520 2868 2057 2926 4077 3460 944 2576 4462 606 1537 4236 3605 1886 2650 3011 2386 2564 4844 2444 
4115 86 1590 779 4467 1782 795 2461 1314 1023 4681 3098 2465 2625 323 2993 204 2177 2476 1733 1495 1497 508 3286 1055 4305 1150 4128 2375 3476 3387 1093 2775 4216 1071 4201 1567 2968 3168 710 557 556 4458 116 254 4413 3984 4119 4422 2511 3950 3010 3353 2225 954 3087 1212 4093 4792 4272 2414 2084 159 3032 4342 1589 675 4286 3039 1654 3145 3771 518 2482 4450 4190 788 3914 550 1455 4660 943 368 1862 3836 479 3666 3604 3737 636 
1519 3679 724 1635 104 2626 4741 2570 2406 2460 3052 767 3341 12 3694 1506 449 3545 1630 474 2873 711 2097 2891 4427 1458 2260 3877 1072 4249 769 2155 2945 1543 1285 2393 3276 863 4268 1397 884 929 1855 69 900 3899 4488 492 23 2871 1541 1873 2686 593 409 3669 3318 1077 2373 2379 1810 3513 277 2042 3865 2619 2297 4142 2808 2703 3958 4853 4461 2058 4796 3315 2364 792 94 3267 4144 439 549 4173 1454 4921 4711 2001 112 61 4785 
721 461 273 3869 302 893 3247 1028 3220 3528 793 1556 4133 1408 3363 2137 73 594 2327 1674 4240 2892 664 3332 1063 335 735 2405 3695 4269 33 1371 4054 2608 2378 417 1331 1842 4801 1605 3171 975 2007 647 4808 4842 2056 1568 2545 2955 2360 941 836 1900 666 3187 2787 662 2142 220 2776 1860 883 3275 4594 4005 1951 2628 2586 3474 2817 142 1108 1904 1035 4818 423 4351 297 1240 723 3446 2992 4572 935 4222 4067 1410 3909 1243 45 3964 
4868 4277 3455 111 3725 1473 2025 1449 1140 737 3477 4126 2298 2611 2010 2395 577 2052 2175 3715 3620 2759 4456 3338 2901 3551 3069 3425 958 810 483 2531 876 2243 1680 1098 660 1930 1297 1492 103 4163 3351 4547 2329 1959 416 729 1513 2725 2264 4140 1 3122 1990 3700 983 4348 1738 2757 343 1934 82 1438 3003 4447 415 3577 296 4048 2535 1797 3556 1822 2267 921 3589 3034 4177 4734 2455 3839 2973 3471 1335 2737 155 2735 2082 502 2764 1784 2523 
546 3757 4951 4778 3756 714 4158 4744 1324 3491 2515 4588 3389 3663 3812 3716 231 3993 2700 470 2365 3126 1940 1266 1261 1220 2731 3828 3146 988 676 3035 3451 4659 3233 551 4616 3598 1750 3505 2604 1292 4787 2487 3717 3319 1153 1950 4824 525 3990 81 4238 2426 774 1412 167 1992 1807 363 2906 2125 3490 72 1704 178 4601 2391 3533 4702 267 1908 2504 3416 3985 2233 3080 520 1115 4455 3207 3720 2499 3876 3186 3250 4214 1377 1776 877 338 2306 1777 185 
3774 4735 1983 4463 3747 726 4783 2678 3945 3053 2707 4372 412 1440 1521 2351 3408 2627 2253 1092 1597 1893 2176 3936 3206 3104 2913 1593 3977 139 4377 1062 748 3888 1293 1691 193 844 4737 4064 2261 1419 1123 1054 760 4624 3595 37 2869 242 1050 4205 1913 2171 4742 1612 2443 4292 151 230 2577 55 2907 3418 1932 2818 691 1690 4936 963 512 223 1868 3524 4886 1241 401 2254 4508 2728 1126 3580 3245 783 4139 2510 317 216 558 3754 962 1749 2009 2781 1142 
580 4248 2998 1299 1687 4328 860 105 1558 4949 3428 3667 419 2556 3306 2693 3136 3502 3038 3367 3271 1798 2121 2649 1509 454 4424 521 3026 447 232 3530 1618 4899 2367 1617 3791 1175 1254 1919 1921 2820 3763 848 567 579 4873 488 4701 3024 1500 4876 3998 3105 3378 3300 777 3117 1995 4313 1003 1024 3107 3599 1475 2788 1019 820 291 2371 1877 2130 1984 719 4561 999 2940 2933 1214 3322 2388 4589 1367 2362 4602 2372 933 1465 1839 638 2614 2441 307 4492 1761 2270 
2631 3778 2135 1210 408 4440 1330 3352 1560 1651 1165 3535 2836 1669 3482 2550 4117 293 148 2006 3075 1980 3739 1197 515 2763 2083 3461 2974 3967 3817 198 1770 3846 3586 565 4542 2899 4189 2588 3047 911 2654 2658 217 750 1716 2206 212 2949 3606 3746 1422 4806 3962 916 1103 3698 1091 1863 4797 3266 1619 1427 1307 886 145 261 2436 3752 1756 314 2051 4627 4565 3373 3226 3129 1378 2646 2982 1460 2349 1131 3155 591 1151 2034 2908 1448 4931 3287 917 1586 2717 110 3468 
222 1902 3525 942 1376 1300 872 393 421 1736 4392 1991 1203 4206 4354 4906 2153 2202 3800 3132 3150 68 1405 2328 2598 1016 3334 1638 3161 2438 2983 3242 953 2615 4817 3527 2458 3397 1697 1234 1136 2376 2984 1096 2268 4546 2224 2603 1288 2575 1172 3370 3261 1896 2807 3257 4473 4605 2361 588 4715 1592 2987 121 1732 2053 2794 1626 592 3238 1838 3829 2780 2765 2133 2036 3498 2525 1398 701 4302 3262 3742 1811 3833 1751 1407 1083 1097 1066 3382 1957 2138 1587 3560 134 1043 4863 
3182 4453 4086 4929 2663 3180 4262 2404 1338 928 3805 4400 3852 4329 622 4514 2733 3272 2242 3231 248 3898 3486 384 3905 552 2410 4394 4901 2424 266 3636 1516 2629 4131 1394 4178 3470 3539 3939 4389 2964 4952 1057 4541 2101 1806 1895 3362 3029 2512 960 4182 1456 4727 3111 4155 397 4192 4504 1317 3915 1296 690 822 1897 852 1693 3140 2970 2534 2565 482 3021 4496 11 4193 2431 3970 1713 321 6 2324 450 2381 762 2325 4030 3409 3423 677 41 3880 2617 2740 2587 4569 4664 4939 